
88888888888 888      d8b          888            888                  d8b                   
    888     888      Y8P          888            888                  Y8P                   
    888     888                   888            888                                        
    888     88888b.  888 88888b.  888  888       888888 888  888  888 888  .d8888b  .d88b.  
    888     888 "88b 888 888 "88b 888 .88P       888    888  888  888 888 d88P"    d8P  Y8b 
    888     888  888 888 888  888 888888K        888    888  888  888 888 888      88888888 
    888     888  888 888 888  888 888 "88b       Y88b.  Y88b 888 d88P 888 Y88b.    Y8b.     
    888     888  888 888 888  888 888  888        "Y888  "Y8888888P"  888  "Y8888P  "Y8888  
                                                                                            
                                                                                          